Id,SalePrice
2658,155236.49121488677
2718,202703.066750966
2414,204209.31866338034
1989,113754.30892682984
625,173176.79400908644
333,90371.7953553677
1327,113810.49222419295
858,153018.8734708028
95,215086.15147279063
1568,168370.2072408751
2482,172838.76564739272
1364,139127.04327321216
2584,164618.07338531478
818,268439.06343760295
2673,180057.49571115524
2089,157961.5124949864
1297,141389.78735021572
790,118220.22969285375
2616,207092.39013862843
720,199591.45936512016
222,137352.42970501934
557,104942.07859017095
1148,206883.20582207432
2766,143579.26112501416
534,213998.2555963695
1452,112831.94791991916
630,132617.81701810472
2648,136002.17850358202
125,145741.7948857257
1904,24718.08522951207
1670,87596.66846869467
756,80282.40051877941
717,237751.98296173313
1032,147889.3582498969
852,226235.3185090595
1731,200332.83011455578
2639,122099.5068858962
2071,82482.13605520781
1267,117254.08942709863
1851,213751.3877462619
567,166247.36446112022
2439,228862.94105182914
1898,156346.35540189245
647,154943.60371916532
2256,216349.64651347557
979,122512.74918209505
1444,222703.51342063746
2485,116531.17123231129
157,121267.05072785355
88,120578.24689152231
2003,110227.55490229814
186,229653.60422674846
1425,264497.7695464706
2695,130300.19043029216
738,99881.13639935735
395,159219.92759218323
1353,185780.90877780714
1878,150428.52323707542
390,182889.63477675943
1456,228374.64567310782
1103,288452.1895321277
1387,108378.85614036256
2070,141874.1398452106
1199,198937.20828167372
2479,180580.42790363403
501,291656.4733455954
2362,88166.90915508335
1718,195641.3698687565
2188,54813.695544999326
1483,156816.38577927556
2557,55936.57156554889
437,306994.37274968275
2224,184419.74633072107
1628,197008.1562730486
397,127693.48610210489
587,206245.2057657682
2182,506469.7788945851
971,195031.32559538865
2611,165039.6088368604
1887,104959.99802391324
2399,299457.1104890052
2148,224289.7706187747
304,125223.68217004626
1997,126771.06476900866
2817,94529.82195774745
1431,182707.5238836622
427,300573.8512544723
263,113800.24200662598
598,166804.73959511425
2895,252702.33480603527
687,172175.8253564986
1822,130127.39653745177
2191,96850.3951842736
179,150872.7545904813
1009,218835.29668384627
2010,119526.58529604878
1991,153554.71606870904
1411,153971.82219625777
1721,258288.10640449636
1144,191191.05384775763
593,236420.4941057535
575,258550.98203194304
1249,195258.18013662938
1604,126533.30627893726
1064,383115.6952231738
1923,156769.5528362973
1988,110396.39059739863
2325,172479.96647564252
114,194230.1183135407
2700,211990.03122640285
217,160033.0375478235
343,179295.79733608384
386,254713.81459026225
2005,127343.62549452251
2908,160059.82143796934
1814,223674.67762597883
2446,404428.1720946694
208,140988.73695099866
1679,120333.5128593042
822,297721.4752130264
6,188628.27862425614
1781,339177.39264290384
2397,265917.3744720132
2340,294515.3049388074
1618,176591.87447437085
2843,131429.1023318537
1061,316229.0569702205
2786,112831.94791991916
1935,129066.554369614
1341,109444.3542998808
521,281436.0995604228
2136,123693.75735076447
996,190830.2037037036
227,134644.21502200072
135,167299.33831352717
1167,180705.54710728838
294,227377.23010180448
1776,220043.62852287944
540,203788.03988856892
1717,195641.3698687565
2303,116278.40021645138
116,189350.1790254668
127,129658.77086092369
1371,145877.672764841
1014,172312.45927710575
1507,127352.1622681471
702,152349.36421865085
750,153231.92527251947
261,160661.3513284272
1559,48311.84836239973
577,238040.50700237392
2812,219957.61431181314
2080,165116.813813776
1368,149594.0562741044
2376,112720.76662563346
659,99936.47424848634
1235,120090.48887838935
332,88937.27365904977
1917,144781.04460639833
2094,232735.41494183708
1460,274331.86358295195
1471,200887.02502485015
1509,124442.26590994257
1922,132990.09372166265
433,397447.2251313855
460,275278.5239326984
1116,259731.58781768545
1137,179607.14816708653
53,201821.78540924797
2354,253966.92988606216
1475,224594.61588060134
1761,464749.1653589844
842,139112.2234113065
2739,156821.88350888644
2509,183862.24254480586
1007,229197.5836029686
2610,186124.8867994824
1952,71008.03768997057
2719,201250.62562090578
2921,89507.51434543845
1966,135296.32215966634
292,131020.71660589473
1204,215457.88115284406
1829,251977.42840246507
2419,206941.66741686547
391,172517.73872913583
798,130816.35999787017
481,206809.6827116001
193,221508.85562107014
555,115019.51560982945
899,57444.52243508375
2357,196817.85111889686
328,120085.19385334919
1356,122808.334031899
1154,106376.60028648865
1730,184470.58333207108
2249,144472.3202290237
1119,257023.57487332076
2856,121258.63732607593
1394,154022.69160881988
2587,124600.23489948339
61,300995.23667815514
2661,215765.20209580078
2711,135635.63349403907
1147,187223.77019381942
757,149137.24151585973
2623,87219.98430574383
2378,162789.0209618737
1413,155304.32671207795
1722,243440.93040832458
1112,211271.0029779044
1623,195719.7139851423
1201,185808.63576018927
1513,106744.6882368119
957,245450.4079454923
1171,276736.1930974638
1145,211670.94176740758
2726,234690.82009206084
703,177655.47698004195
760,65485.00923544634
1964,132951.19672990032
2512,198030.57329795277
159,162524.8839242647
1281,180855.10733722267
468,183220.69828772428
290,115078.13886262686
665,83515.16964326729
1463,280169.26056595333
1792,237829.02637843788
923,137227.50786393695
500,258309.79893276957
1408,164992.7062427625
331,69346.10098303482
170,115204.09618108906
2192,68858.28924785019
2571,290220.7392785032
2314,173576.84262095066
2647,85843.08761532255
422,346306.5754647977
2457,308428.83691889816
1838,218288.06664002105
2805,262120.69803462015
1645,173224.24836106016
1711,288600.126972029
2825,259739.6604691404
322,323241.3753271594
2103,267402.6518065911
342,126271.84635275952
600,83181.92208545562
488,202214.67594567663
1725,307886.7179020336
2246,263780.3879859252
2847,180067.14646812412
806,261170.05822976632
530,240064.47762543568
963,186992.00269829086
2678,53238.8325760318
171,88567.23304317775
2401,350345.86430840706
805,227712.7718254535
2259,248341.27579882508
1748,199935.8977470398
1361,152848.8725491031
1677,149323.88723337254
1406,141226.59267343697
2322,238091.74871003162
688,182379.27992430422
143,138384.06344904169
804,219404.77776924754
1214,170343.64320598706
2828,177082.3998735419
1999,200182.50479404675
2467,211177.52155414782
2665,182297.4992838814
1538,330950.2508200831
398,87933.7953502778
2822,135855.81162982015
2157,156099.1249311166
1856,162968.09977966384
1269,113039.86662937119
2570,121223.72256060876
2320,249970.43808051152
1517,134951.2805891852
2304,135669.38208455383
1312,98068.09369105124
2012,135078.23629200226
506,222924.4276619926
2865,192390.68493291386
2367,130881.75310215447
554,105616.68383518257
238,124519.54372559115
1954,106878.6667635846
2488,189186.8579311357
2291,93811.07943439228
1969,111004.72157037468
2725,158498.97424154822
1482,156816.38577927556
2763,211628.08138027834
503,237942.67018421716
1584,247507.7707226933
1531,145948.01999315224
2210,172210.3661736669
459,310147.7952800449
556,126348.66901860223
1347,144482.88952477695
1290,77151.1439198223
1388,114965.70358655066
1571,172459.93573984457
2754,213844.77031919127
765,135376.05813139654
2494,120721.70980556449
2870,182146.08285167185
7,237272.50860297843
1114,237331.30439097527
2418,282900.2768567987
291,164649.21603698237
18,315698.75020351796
39,316524.2432389464
1001,267729.98267410183
2442,249444.98288454814
616,117270.47235300532
2680,67524.07523441524
1414,106655.67346338066
289,127621.05384803843
40,260536.6668179084
860,115822.9238230749
409,141180.8388869192
673,152076.83768106042
2427,201195.8999608811
2036,220729.11406534142
2564,152767.80859297258
642,179784.82070005266
1008,186345.7041858309
1908,147174.43045815197
2519,218327.11215279228
1369,87666.18856772897
2855,181730.93091973942
712,80879.52271954599
1943,102344.33371017105
1958,137338.8921888729
107,181687.91673657345
2295,188178.35771256802
704,108733.08360861009
676,122446.9686708108
259,188550.72156563145
93,277075.3284393884
106,250466.526590263
2315,192248.15479562944
1050,110787.73569994816
1095,207335.79413600918
2709,125954.1191439603
758,191406.72159590968
1496,168414.0297861183
2370,148606.62638521357
2458,267981.8522098509
2733,116243.77297775075
161,303538.7638062306
726,153621.23904355755
845,219878.63520531543
947,262832.8042933056
2232,135190.97607561713
2563,154923.47822371195
2299,142082.92177906074
211,98108.66475480353
605,173092.85573613993
1478,233754.432293528
2247,263780.3879859252
2274,163505.9514021927
2869,175171.1690462837
967,241491.73782563955
2656,95080.59950817563
667,226840.78287563613
1042,130164.4922539955
2023,163452.90926518687
2447,342245.7052907427
2055,136516.1219113972
2275,277105.2366164306
2204,177817.284324595
1563,264040.3809413444
483,216509.303566664
796,130798.19162306096
1526,150977.8927548586
2042,184148.3675467961
442,304252.05782915466
1693,297177.1729128212
1468,225195.0416720456
1430,189851.92520790105
2605,186240.80233938014
1529,198633.36845096457
335,132373.52046580357
1287,140285.261924088
31,113019.40186158777
1785,250561.09966157423
82,172887.10000939644
2620,107708.08367980807
252,210509.55303899595
721,54362.924972663866
2165,193619.47062745714
2316,179989.40165406372
775,119520.40935815522
1558,47358.744516578736
17,246755.24203538848
1022,233856.0202783118
925,109051.82660646294
438,272011.00843531964
1270,151680.97028266848
1272,119382.2414691532
215,119413.59454217344
266,227143.68581079738
2402,260001.925519411
1250,104300.05272470927
1984,107956.49421556876
1279,145663.0096285527
377,275721.55017179437
1252,178603.04246521555
2156,267406.7480685804
499,296833.8014950345
1374,107144.2248549168
2898,263547.22996833175
401,88080.81551204808
2721,188322.31951983902
2078,251872.42270596698
2589,116701.45957491524
1946,224098.50667670765
1334,135293.4025536084
2781,230522.63495124807
431,346679.9597885688
576,218318.15243592113
1474,219194.82646978716
2254,165698.0749148347
2155,288651.7283952879
885,106449.89321318944
643,139931.9766434331
1944,116110.99352806224
480,213358.54882983398
2845,98632.19426635373
2387,281572.1639222475
2407,219432.10526052676
2527,150984.79219441419
2514,175763.0564778957
629,176031.47521570814
80,221480.27697460842
1876,131918.800896578
1546,143074.14254207793
2518,168209.88753935555
2347,161238.1649648666
783,170774.54167906241
1322,21496.183894495247
194,55434.613318123855
1770,264893.94485111604
2143,122168.51772104437
1229,212014.15224739374
511,271517.9016750951
46,221494.2369142403
1348,182301.25903668418
2465,208969.66997104767
387,249998.6245183451
873,218218.12668236345
1918,113545.54407624691
2764,247041.39468438388
2184,124355.07468133769
934,154206.62590859365
1920,130190.50544932974
2631,149698.93049408658
1768,456885.9719818183
2040,100666.39947060519
1749,232118.44401591923
834,216264.46927717119
1457,253610.44936597953
79,135295.05680883047
2302,116131.3800546811
1817,122335.6407275123
2755,239852.37472440605
359,174818.54890301847
2059,112625.71326572727
2092,244706.36943908967
2516,256164.92751966184
150,114054.72504879883
1656,140494.25235260138
83,97480.14519576752
2411,191772.5333448071
795,77076.27202025917
2312,244942.31237793434
2917,91375.21016004006
1624,200110.146113927
2215,322651.43597856304
1211,153222.7521548185
1485,157386.62646566425
1024,162165.9465680439
570,193747.90949272155
2874,132338.0653090973
700,167661.63298499025
2756,229735.52910681907
2022,195266.72442790726
583,223659.80915634893
2392,304401.4932023953
2424,222093.18948994204
212,121059.65056775836
736,127401.73136249348
1610,169849.07459154376
890,108566.59093690966
467,182497.53442157852
578,280213.568373075
1747,198052.50142681203
1149,172820.84621365042
2758,235492.90812077164
857,126708.87457491783
2219,285288.39630807587
733,113996.81724240724
2909,130004.51661286457
1798,264360.7673538658
235,97418.3479341981
2366,136001.56239420897
1027,128915.41020704876
1195,126071.24044898315
1303,-12890.27890783851
148,185316.3089604068
608,142199.924246914
2515,213239.17295080423
821,266995.6386894018
2500,283657.0528197652
745,114366.45202501956
741,131108.71871558274
1611,130011.0243029038
2532,113607.30689218314
1081,224684.26677136472
1692,349816.86748979054
2520,202269.56854823697
276,168506.0295109332
1992,131689.01189067145
663,869.7956057188567
418,160368.90019021905
1733,193800.50338619994
2359,152016.77809136454
253,210904.04919158597
1518,175484.85357244057
2035,138374.59648099332
2919,88937.27365904977
1540,231408.86347931228
2120,141931.13274077815
1674,189694.31499605067
256,151318.49932321277
2361,87933.7953502778
978,67911.57928671688
2280,164081.32486281916
2095,232028.22833408322
1709,290452.29936725926
2801,242535.26520529063
1246,99368.93140041176
2373,130164.4922539955
1055,261834.9608080266
2017,110017.10752331535
1099,273190.3700467411
1344,106189.88604148873
835,175875.43941375753
1117,226091.909317069
2043,87439.38255320466
2085,129910.58871024637
410,166227.24958146154
2650,117834.06143339607
2867,170954.42574091954
1668,119054.12802649243
1161,190146.72745857807
2122,174906.2997702493
2539,132167.33953366266
1047,150284.57935072784
1445,122622.12193976529
541,156527.3292204535
569,226674.2482636324
1276,120232.52527544112
918,155862.8683282386
326,166501.4820164328
1936,121950.03526583384
895,81012.22010723641
257,137625.77615246107
1241,183221.8956869368
1545,131747.91668775422
1189,172805.70122226467
270,156816.38577927556
2066,202968.70798129635
693,104111.79437802476
1259,127803.27170601464
2916,155748.1988998456
2321,272935.2184118605
1977,98484.44010168174
1895,172850.47206578963
1240,158858.56364062428
85,140330.71420913818
1823,102135.38823326025
825,282825.35024590837
110,226952.57935721846
697,119807.02239431278
2297,106627.68724708795
1231,128105.847966386
1355,140847.97361617442
968,305808.51203599246
584,228924.49897031672
1315,132909.6610831963
1606,122563.5667191362
206,102503.42393966112
1685,303796.5144454434
2016,136174.28048036085
869,227236.68251945078
2135,116687.20483300416
2346,166480.6856918272
2430,230467.15214099223
2198,81788.88497794
2652,108384.86619487195
27,88815.99579394935
241,185916.24573118123
906,112296.38016894367
1506,111794.44995349902
2098,315314.8593344772
1435,217158.3364834783
2213,128120.15643034852
1274,135014.10903173732
743,15553.47385129775
1737,218273.82516639307
2797,271856.2829521666
2185,95415.4277504175
58,200187.02848509233
830,209559.17838603142
808,168138.51995305996
680,168315.43745880527
1153,112060.87504848163
1291,151139.6239124746
1818,206979.6989672545
2161,206307.3462861376
1883,121013.98438074044
350,336436.57133011054
2473,182413.4198195727
295,180277.17299022386
293,223142.91267652623
859,112831.94791991916
288,36307.71815292863
1578,155501.61597852455
102,179013.85818704544
2831,200128.01688505523
1030,180396.74939854653
2551,135780.46920301975
1286,128835.59899309883
958,288128.0645243353
776,119111.551019551
72,203704.1428549583
2263,260947.35789521202
1866,152304.7128436619
2876,45428.907755486434
2146,277420.6269886559
103,195730.980556943
1500,176748.95095207286
492,191729.59179209895
167,129890.01350888633
2597,112188.23596357275
2685,101152.65130926855
1035,150045.3599746793
1220,37551.36586021469
2602,135484.519848553
2159,229887.33441354497
695,159767.42452566116
1109,243084.10913469875
640,171491.23907422088
1652,149156.74813765148
2090,194934.86627720576
1188,205822.7257893728
2345,253286.71917497367
1059,351199.8268505535
2751,242898.49139706977
128,222646.60292892624
1523,164748.88163060695
2925,146418.28288887
2145,294315.77855836274
1121,244653.02252573706
566,300621.4062051519
565,221674.63348583155
1331,137897.34157545352
2928,136300.67000206397
156,134743.93109549256
797,168373.06610716996
327,91659.29688991536
2859,146063.12969812355
1453,105483.64862658246
1762,309161.92055410706
1868,221098.52762654307
1760,192747.34863401763
1113,260472.17056872975
1812,196732.7334593963
117,176960.605803265
1142,214744.1475887359
2342,318163.2213583761
927,120502.90446472168
2478,200100.60941623803
655,49483.02909241733
2064,112971.79986418155
369,232740.867195989
2239,121514.01675547962
2732,217898.20364970737
1653,165160.53344097943
959,221160.3278007917
2395,299129.0837402884
1412,114413.48977800715
271,266475.5990565121
1484,156816.38577927556
1497,134663.15963896038
552,191791.46888732188
2,107524.19615472248
1855,282514.64335674606
4,253573.33735799463
2292,155141.4746165413
134,133660.96827829932
646,88552.33814669913
42,293224.2461565316
532,232925.45073427283
713,102192.77902700868
2561,127313.24469142617
2360,129970.75840483
1333,128718.3526795695
1407,198852.08084931457
2892,261732.93837380153
574,245014.6858533169
1227,203795.1378060386
2591,240812.61034210748
1476,225008.8766883486
1125,263609.1838241359
1446,121183.37124323403
408,121768.03455562214
1101,274114.5970653263
2251,171956.2002213481
373,202485.07306797383
2554,110344.49360706215
2382,262017.81983728195
1985,65213.887524911435
519,241074.0072148363
1093,200960.665545817
864,272559.449872924
2889,150608.40669256193
2308,178498.3818117699
986,150714.2719716488
1302,127800.73782413034
585,158686.98636308615
2708,160209.4281789672
147,131674.1790513869
1441,227113.96170500293
383,168578.41137443227
285,171636.2751530672
181,114959.2079811201
358,170091.09396706987
780,201030.98398286127
258,215492.5657002409
1865,223720.0696665682
692,145425.33695059433
2902,296722.1515891156
508,271751.01547990064
2638,147649.58424768527
36,164793.78334458033
611,178579.54541213834
2281,97114.6160181989
1678,149323.88723337254
1696,364139.2710432089
1557,77794.33886699867
2180,154260.64121269132
1726,239729.13640928175
951,144884.73581535602
267,240398.20891519124
2706,130616.42091923323
2221,215454.38765276922
1357,179045.11205981672
2901,291805.3924508323
347,213182.2836410324
2164,204165.3866998509
1586,290697.9100946239
360,172664.866335009
1769,237937.440163936
2617,193926.2987221505
1879,174093.4851646549
991,231538.8257118459
1535,120088.2598564655
1191,165359.07372913603
1579,214943.49333458673
1882,147944.4779770181
1510,111861.75818126788
2196,183259.45021348493
1845,178443.61750065675
2336,333458.31418103236
942,93587.82068854594
861,115422.51179179573
2555,87059.35186623759
1392,142370.21258951793
2099,267402.6518065911
1543,139151.39374708477
948,266150.7115943057
1239,158561.90872101113
22,181128.79113714444
2796,240024.54952776106
2747,175071.18564371043
92,279844.55794594204
210,165090.0673347942
1858,228403.03931938368
2228,206716.5965512325
447,233350.5577196423
827,239999.5155985623
1649,220589.58114465326
682,144022.98678117665
2698,123092.7831533989
494,199469.76763693336
214,110520.52707162825
2441,252863.91935060057
2679,100211.51903728396
1336,111604.64178516134
465,204147.81522947457
1524,127830.87621531566
2543,102790.29604569403
631,124519.54372559115
2452,289696.4697068343
228,154975.28071418125
126,185663.47140561836
1092,220059.71521792235
1122,221189.39165241364
932,208035.32740848162
1980,78982.73012699862
2171,92664.0844895267
551,162225.33205127693
2768,170710.1975616985
2056,110949.11804773263
1159,343902.09211047273
2645,111201.18069685693
1174,194525.89470531605
2266,220520.2610640414
2462,347422.96667280165
1219,138628.57345577888
2922,205023.76484310813
118,138792.97550969757
474,200867.73279616935
2576,170707.64923818386
872,278432.13426619116
1077,241515.0264608108
1536,139549.99745544232
1150,116059.54115355713
2341,280422.5344628836
1931,140847.4657578806
2785,119314.12098191143
2538,124187.8730352025
597,225378.8554986869
464,211354.8766666418
233,216918.11345366575
2169,114485.16751297656
2123,166966.94740060228
1867,168774.67203454976
137,268600.19174337713
515,232283.71291971742
933,139151.39374708477
2784,169329.5416107108
972,176810.60632390645
599,166851.38340088516
2614,126400.9470807875
2582,123657.13590812986
1409,153456.57541693863
175,68254.79086811538
352,245847.24971702625
976,78581.94477371708
2134,216634.08808720158
984,119654.91255532601
2396,312543.4428455618
1673,170010.70716476277
404,133849.77984973206
607,153079.91968411184
814,153444.04665891686
868,217559.87422079034
2271,199674.93290743814
1633,233623.59727792954
337,196419.96180484514
2765,160601.85171722225
1746,232023.60634783027
368,299992.9263421837
2806,220009.5811547581
1662,190349.35496963467
1234,202243.02535814932
1373,137962.74186788988
1672,88651.05619843653
1939,105560.67510864348
